0
-15
-27
112
518
804
1055
1627
1951
1899
1951
1641
1082
692
0
-693
-1083
-1642
-1952
-1900
-1952
-1642
-1083
-693
-1
692
1082
1641
1951
1899
1951
1641
1082
692
0
-693
-1083
-1642
-1952
-1900
-1952
-1642
-1083
-693
-1
692
1082
1641
1951
1899
1951
1641
1082
692
0
-693
-1083
-1642
-1952
-1900
-1952
-1642
-1083
-693
0
692
1082
1641
1951
1899
1951
1641
1082
692
0
-693
-1083
-1642
-1952
-1900
-1952
-1642
-1083
-693
0
692
1082
1641
1951
1899
1951
1641
1082
692
-1
-693
-1083
-1642
-1952
-1900
-1952
-1642
-1083
-693
-1
692
1082
1641
1951
1899
1951
1641
1082
692
0
-693
-1083
-1642
-1952
-1900
-1952
-1642
-1083
-693
0
692
1082
1641
1951
1899
1951
1641
1082
692
0
-693
-1083
-1642
-1952
-1900
-1952
-1642
-1083
-693
-1
692
1082
1641
1951
1899
1951
1641
1082
692
0
-693
-1083
-1642
-1952
-1900
-1952
-1642
-1083
-693
-1
692
1082
1641
1951
1899
1951
1641
1082
692
-1
-693
-1083
-1642
-1952
-1900
-1952
-1642
-1083
-693
0
692
1082
1641
1951
1899
1951
1641
1082
692
0
-693
-1083
-1642
-1952
-1900
-1952
