0
2289
-744
2289
3151
0
3151
2289
-744
2289
0
-2290
743
-2290
-3152
0
-3152
-2290
743
-2290
-1
2289
-744
2289
3151
0
3151
2289
-744
2289
-1
-2290
743
-2290
-3152
0
-3152
-2290
743
-2290
-1
2289
-744
2289
3151
0
3151
2289
-744
2289
0
-2290
743
-2290
-3152
0
-3152
-2290
743
-2290
0
2289
-744
2289
3151
0
3151
2289
-744
2289
0
-2290
743
-2290
-3152
0
-3152
-2290
743
-2290
-1
2289
-744
2289
3151
0
3151
2289
-744
2289
-1
-2290
743
-2290
-3152
0
-3152
-2290
743
-2290
-1
2289
-744
2289
3151
0
3151
2289
-744
2289
0
-2290
743
-2290
-3152
0
-3152
-2290
743
-2290
0
2289
-744
2289
3151
0
3151
2289
-744
2289
0
-2290
743
-2290
-3152
0
-3152
-2290
743
-2290
-1
2289
-744
2289
3151
0
3151
2289
-744
2289
0
-2290
743
-2290
-3152
0
-3152
-2290
743
-2290
-1
2289
-744
2289
3151
0
3151
2289
-744
2289
-1
-2290
743
-2290
-3152
0
-3152
-2290
743
-2290
0
2289
-744
2289
3151
0
3151
2289
-744
2289
0
-2290
743
-2290
-3152
0
-3152
-2290
743
-2290
-1
